0
0
00000000000000000000000000000000000000000000000000000000000000000000000000000000000000000000000000000001
000000000000000000000000000000000000000000000000000000000000000000000000000000000000000000000000000001
0000000000000000000000000000000000000000000000000000000000000000000000000000000000000000000000000001
00000000000000000000000000000000000000000000000000000000000000000000000000000000000000000000000001
000000000000000000000000000000000000000000000000000000000000000000011110000000000000000000000001000000000
000000000000000000000000000000000000000111000011100000000011111100333333001111110000000100000100000000000
000000000000000000000000000000001110000000000000000011100000000000000000000000000000010001110000000000000
000000000000300000000000001113333333333333333333333333333333333333333333333333330001333333333333333333333000000002

